35
28
36
13
17
18
32
24
15
10
11
25
25
25
21
14
27
22
36
24
24
32
19
12
24
17
37
22
16
35
14
20
23
12
27
17
27
21
13
11
19
21
35
15
13
23
33
23
29
21
18
24
16
29
15
20
20
19
23
12
26
20
30
34
21
11
34
28
25
12
27
32
21
11
17
37
26
12
28
15
27
24
25
35
14
31
35
12
17
25
32
26
23
34
24
22
29
30
37
26
22
15
36
15
34
23
19
25
15
27
13
37
14
31
20
10
34
18
13
12
24
31
21
24
33
33
37
27
34
11
16
14
16
22
32
18
29
37
27
33
23
14
31
13
13
37
18
24
12
34
24
28
10
37
23
20
31
14
37
24
26
15
22
33
25
24
32
37
28
16
29
22
19
34
10
32
35
19
31
37
29
32
11
37
37
17
16
12
23
22
22
37
26
17
35
28
37
30
27
21
14
32
33
36
34
37
27
30
31
23
28
13
24
22
17
19
32
16
13
20
23
14
33
37
19
19
11
27
35
15
17
34
26
31
35
37
20
26
31
18
10
21
32
33
35
25
20
12
29
12
13
24
25
10
37
16
15
23
20
13
16
25
28
29
36
37
16
30
23
32
25
12
30
17
27
30
30
14
28
14
26
19
29
12
15
17
28
27
17
24
31
36
36
29
28
24
11
25
25
13
size of list: 300
	
21
11
12
27
36
18
19
16
17
35
25
34
23
16
14
17
18
13
24
25
12
10
15
32
32
19
27
21
13
28
16
15
13
23
33
28
35
25
28
16
10
37
33
35
34
33
30
10
31
18
33
37
18
23
24
17
32
14
32
28
26
29
17
13
28
16
22
26
14
26
21
28
29
12
18
11
36
19
10
30
32
25
25
26
19
23
10
10
14
12
36
17
30
23
23
17
33
27
22
36
10
36
26
22
21
30
20
27
16
29
36
10
14
36
23
18
33
10
31
37
23
21
32
36
32
26
31
28
27
24
15
31
36
31
13
11
35
36
13
21
36
29
19
16
33
22
19
36
15
10
11
36
32
36
22
25
11
26
14
35
15
37
23
25
35
36
24
27
17
13
15
31
32
21
19
30
36
20
15
13
20
10
12
30
24
26
16
34
18
25
29
29
16
26
30
21
20
14
32
27
19
22
21
28
27
26
27
12
35
17
10
22
35
12
13
37
30
22
10
15
36
35
25
22
18
19
34
33
25
12
30
36
30
21
33
25
21
22
21
17
14
20
28
15
15
18
18
37
26
19
19
27
10
23
32
31
12
10
34
25
37
31
12
32
26
35
16
33
36
15
31
21
15
31
13
19
37
26
35
19
12
30
26
29
21
12
32
16
20
10
23
35
24
22
16
20
21
15
21
10
size of list: 300
	
30
34
10
27
35
27
21
14
25
19
14
29
18
20
32
22
32
19
36
23
11
20
16
32
18
23
36
31
24
28
29
24
25
15
10
22
31
11
18
23
17
36
30
17
24
29
21
28
23
21
12
31
18
22
11
12
27
32
10
13
35
37
18
21
35
33
22
21
28
23
33
35
23
34
14
20
18
31
33
19
36
17
27
14
34
22
25
32
37
34
22
17
36
27
33
13
24
23
23
22
17
19
21
20
33
18
29
11
26
23
16
15
12
25
36
21
33
32
21
21
21
18
28
35
14
16
33
36
33
30
12
18
25
32
13
25
34
28
33
10
12
16
28
10
26
34
14
26
20
11
18
29
34
18
33
37
27
19
17
24
17
16
10
16
15
12
26
30
24
26
37
33
33
36
22
14
28
14
24
15
30
17
36
31
37
13
37
11
37
13
32
22
12
20
37
21
26
17
34
30
31
16
31
35
14
23
18
36
25
13
23
18
36
17
32
28
36
28
12
34
17
30
22
37
18
11
25
27
16
34
37
16
17
28
28
17
16
23
16
31
21
22
25
23
23
23
33
33
27
29
13
11
26
19
20
24
16
29
14
16
20
12
35
31
16
25
32
10
34
21
24
17
34
30
21
29
29
23
19
19
15
25
12
23
11
10
32
15
31
21
28
26
37
27
25
11
17
18
24
15
size of list: 300
	
37
23
13
31
31
32
11
33
13
23
29
10
13
36
26
30
12
25
20
36
22
25
20
30
14
14
12
23
17
18
21
23
32
35
15
29
36
24
24
10
10
19
14
11
26
17
34
15
10
18
13
10
12
37
23
37
12
26
12
26
10
19
37
26
23
37
15
31
33
28
15
35
22
12
16
13
31
35
11
32
23
17
22
35
16
31
24
31
29
26
22
34
32
12
21
31
12
22
16
36
29
26
19
32
10
30
13
18
14
31
25
35
34
31
21
16
35
14
33
25
33
20
10
20
37
12
11
26
30
33
36
27
29
22
21
23
27
23
37
13
10
32
23
31
27
19
29
29
21
11
12
36
32
30
10
26
20
37
36
35
35
23
22
36
21
16
27
31
14
31
31
32
29
12
24
26
25
18
14
18
32
35
21
31
30
13
33
20
37
10
30
36
10
17
16
32
21
37
29
18
18
37
28
15
10
11
18
10
21
11
26
11
17
19
35
30
25
13
21
21
27
11
18
29
25
25
32
33
15
32
26
24
15
35
24
15
18
11
27
22
34
14
34
12
27
35
23
29
22
31
29
20
33
11
32
16
29
30
21
31
19
11
21
31
30
19
11
16
16
22
36
14
10
28
16
27
30
24
33
16
24
25
20
15
28
14
26
14
31
19
26
24
24
13
32
36
11
26
10
30
size of list: 300
	
18
16
32
26
17
15
23
11
26
12
31
14
12
32
16
27
12
17
18
32
23
36
15
17
29
12
25
23
25
26
21
20
30
30
27
28
28
32
30
15
36
34
12
21
36
24
36
14
20
12
29
18
21
17
22
25
26
14
23
34
27
11
14
15
35
23
10
32
18
16
19
24
20
29
31
36
25
22
31
14
35
24
28
13
35
22
35
31
18
10
31
23
23
15
17
20
18
29
32
24
12
23
24
27
14
27
28
37
34
33
16
24
20
36
12
15
25
34
21
27
32
20
11
36
22
18
32
27
24
23
29
19
29
27
32
17
18
32
24
16
26
21
20
14
10
25
37
37
15
33
36
16
16
25
32
11
29
14
14
28
27
26
16
14
36
21
16
22
23
23
10
24
30
37
27
20
33
35
34
34
23
23
17
12
19
21
26
26
21
30
27
17
16
33
30
11
18
15
25
25
30
32
34
26
16
27
30
11
31
34
12
33
11
20
16
29
24
32
37
17
26
15
11
21
30
12
20
27
13
32
31
26
27
26
36
19
14
31
31
24
19
25
13
26
25
26
13
19
36
30
14
37
34
13
20
35
21
23
36
28
30
24
19
15
26
28
17
32
10
30
11
15
13
30
37
24
22
20
29
11
18
21
10
33
32
30
31
11
10
24
16
35
28
25
29
26
26
14
14
36
size of list: 300
	
